doc: ASBJ 適用指針（現行） (asbj_implementation_guidance)
year: 2026
item: s0077-part-18 / title: 「退職給付に関する会計基準の適用指針」 (part 18/19)
source_type: pdf
source_url: https://www.asb-j.jp/jp/wp-content/uploads/sites/4/kichu_20251016_22.pdf

[p1] 18 1.09393 1.19615 1.30734 1.42825 1.55966 1.70243 1.85749 2.02582 2.20848 2.40662 2.62147 2.85434 3.10665 3.37993 3.67580 3.99602 4.34245 4.71712 5.12217 5.55992
[p2] 19 1.09940 1.20811 1.32695 1.45681 1.59865 1.75351 1.92250 2.10685 2.30786 2.52695 2.76565 3.02560 3.30859 3.61653 3.95149 4.31570 4.71156 5.14166 5.60878 6.11591
[p3] 20 1.10490 1.22019 1.34686 1.48595 1.63862 1.80611 1.98979 2.19112 2.41171 2.65330 2.91776 3.20714 3.52365 3.86968 4.24785 4.66096 5.11205 5.60441 6.14161 6.72750
[p4] 勤 21 1.11042 1.23239 1.36706 1.51567 1.67958 1.86029 2.05943 2.27877 2.52024 2.78596 3.07823 3.39956 3.75268 4.14056 4.56644 5.03383 5.54657 6.10881 6.72507 7.40025
[p5] 22 1.11597 1.24472 1.38756 1.54598 1.72157 1.91610 2.13151 2.36992 2.63365 2.92526 3.24754 3.60354 3.99661 4.43040 4.90892 5.43654 6.01803 6.65860 7.36395 8.14027
[p6] 23 1.12155 1.25716 1.40838 1.57690 1.76461 1.97359 2.20611 2.46472 2.75217 3.07152 3.42615 3.81975 4.25639 4.74053 5.27709 5.87146 6.52956 7.25787 8.06352 8.95430
[p7] 24 1.12716 1.26973 1.42950 1.60844 1.80873 2.03279 2.28333 2.56330 2.87601 3.22510 3.61459 4.04893 4.53305 5.07237 5.67287 6.34118 7.08457 7.91108 8.82956 9.84973
[p8] 務 25 1.13280 1.28243 1.45095 1.64061 1.85394 2.09378 2.36324 2.66584 3.00543 3.38635 3.81339 4.29187 4.82770 5.42743 6.09834 6.84848 7.68676 8.62308 9.66836 10.83471
[p9] 26 1.13846 1.29526 1.47271 1.67342 1.90029 2.15659 2.44596 2.77247 3.14068 3.55567 4.02313 4.54938 5.14150 5.80735 6.55572 7.39635 8.34014 9.39916 10.58686 11.91818
[p10] 27 1.14415 1.30821 1.49480 1.70689 1.94780 2.22129 2.53157 2.88337 3.28201 3.73346 4.24440 4.82235 5.47570 6.21387 7.04739 7.98806 9.04905 10.24508 11.59261 13.10999
[p11] 28 1.14987 1.32129 1.51722 1.74102 1.99650 2.28793 2.62017 2.99870 3.42970 3.92013 4.47784 5.11169 5.83162 6.64884 7.57595 8.62711 9.81822 11.16714 12.69391 14.42099
[p12] 期 29 1.15562 1.33450 1.53998 1.77584 2.04641 2.35657 2.71188 3.11865 3.58404 4.11614 4.72412 5.41839 6.21067 7.11426 8.14414 9.31727 10.65277 12.17218 13.89983 15.86309
[p13] 30 1.16140 1.34785 1.56308 1.81136 2.09757 2.42726 2.80679 3.24340 3.74532 4.32194 4.98395 5.74349 6.61437 7.61226 8.75496 10.06266 11.55825 13.26768 15.22031 17.44940
[p14] 31 1.16721 1.36133 1.58653 1.84759 2.15001 2.50008 2.90503 3.37313 3.91386 4.53804 5.25807 6.08810 7.04430 8.14511 9.41158 10.86767 12.54070 14.46177 16.66624 19.19434
[p15] 32 1.17304 1.37494 1.61032 1.88454 2.20376 2.57508 3.00671 3.50806 4.08998 4.76494 5.54726 6.45339 7.50218 8.71527 10.11745 11.73708 13.60666 15.76333 18.24954 21.11378
[p16] 間 33 1.17891 1.38869 1.63448 1.92223 2.25885 2.65234 3.11194 3.64838 4.27403 5.00319 5.85236 6.84059 7.98982 9.32534 10.87625 12.67605 14.76323 17.18203 19.98324 23.22515
[p17] 34 1.18480 1.40258 1.65900 1.96068 2.31532 2.73191 3.22086 3.79432 4.46636 5.25335 6.17424 7.25103 8.50916 9.97811 11.69197 13.69013 16.01810 18.72841 21.88165 25.54767
[p18] 35 1.19073 1.41660 1.68388 1.99989 2.37321 2.81386 3.33359 3.94609 4.66735 5.51602 6.51383 7.68609 9.06225 10.67658 12.56887 14.78534 17.37964 20.41397 23.96041 28.10244
[p19] 36 1.19668 1.43077 1.70914 2.03989 2.43254 2.89828 3.45027 4.10393 4.87738 5.79182 6.87209 8.14725 9.65130 11.42394 13.51154 15.96817 18.85691 22.25123 26.23664 30.91268
[p20] [page 105]
[p21] - 105 - 37 1.20266 1.44508 1.73478 2.08069 2.49335 2.98523 3.57103 4.26809 5.09686 6.08141 7.25005 8.63609 10.27864 12.22362 14.52490 17.24563 20.45975 24.25384 28.72913 34.00395
[p22] 38 1.20868 1.45953 1.76080 2.12230 2.55568 3.07478 3.69601 4.43881 5.32622 6.38548 7.64880 9.15425 10.94675 13.07927 15.61427 18.62528 22.19883 26.43668 31.45839 37.40434
[p23] 39 1.21472 1.47412 1.78721 2.16474 2.61957 3.16703 3.82537 4.61637 5.56590 6.70475 8.06949 9.70351 11.65829 13.99482 16.78534 20.11530 24.08573 28.81598 34.44694 41.14478
[p24] 40 1.22079 1.48886 1.81402 2.20804 2.68506 3.26204 3.95926 4.80102 5.81636 7.03999 8.51331 10.28572 12.41607 14.97446 18.04424 21.72452 26.13302 31.40942 37.71940 45.25926
[p25] [page 106]
[p26] - 106 - 【資料2】割引率の係数 割 引 率 0.5% 1.0% 1.5% 2.0% 2.5% 3.0% 3.5% 4.0% 4.5% 5.0% 5.5% 6.0% 6.5% 7.0% 7.5% 8.0% 8.5% 9.0% 9.5% 10.0%
[p27] 1 0.99502 0.99010 0.98522 0.98039 0.97561 0.97087 0.96618 0.96154 0.95694 0.95238 0.94787 0.94340 0.93897 0.93458 0.93023 0.92593 0.92166 0.91743 0.91324 0.90909
[p28] 2 0.99007 0.98030 0.97066 0.96117 0.95181 0.94260 0.93351 0.92456 0.91573 0.90703 0.89845 0.89000 0.88166 0.87344 0.86533 0.85734 0.84946 0.84168 0.83401 0.82645
[p29] 3 0.98515 0.97059 0.95632 0.94232 0.92860 0.91514 0.90194 0.88900 0.87630 0.86384 0.85161 0.83962 0.82785 0.81630 0.80496 0.79383 0.78291 0.77218 0.76165 0.75131
[p30] 4 0.98025 0.96098 0.94218 0.92385 0.90595 0.88849 0.87144 0.85480 0.83856 0.82270 0.80722 0.79209 0.77732 0.76290 0.74880 0.73503 0.72157 0.70843 0.69557 0.68301
[p31] 平 5 0.97537 0.95147 0.92826 0.90573 0.88385 0.86261 0.84197 0.82193 0.80245 0.78353 0.76513 0.74726 0.72988 0.71299 0.69656 0.68058 0.66505 0.64993 0.63523 0.62092
[p32] 6 0.97052 0.94205 0.91454 0.88797 0.86230 0.83748 0.81350 0.79031 0.76790 0.74622 0.72525 0.70496 0.68533 0.66634 0.64796 0.63017 0.61295 0.59627 0.58012 0.56447
[p33] 7 0.96569 0.93272 0.90103 0.87056 0.84127 0.81309 0.78599 0.75992 0.73483 0.71068 0.68744 0.66506 0.64351 0.62275 0.60275 0.58349 0.56493 0.54703 0.52979 0.51316
[p34] 8 0.96089 0.92348 0.88771 0.85349 0.82075 0.78941 0.75941 0.73069 0.70319 0.67684 0.65160 0.62741 0.60423 0.58201 0.56070 0.54027 0.52067 0.50187 0.48382 0.46651
[p35] 均 9 0.95610 0.91434 0.87459 0.83676 0.80073 0.76642 0.73373 0.70259 0.67290 0.64461 0.61763 0.59190 0.56735 0.54393 0.52158 0.50025 0.47988 0.46043 0.44185 0.42410
[p36] 10 0.95135 0.90529 0.86167 0.82035 0.78120 0.74409 0.70892 0.67556 0.64393 0.61391 0.58543 0.55839 0.53273 0.50835 0.48519 0.46319 0.44229 0.42241 0.40351 0.38554
[p37] 11 0.94661 0.89632 0.84893 0.80426 0.76214 0.72242 0.68495 0.64958 0.61620 0.58468 0.55491 0.52679 0.50021 0.47509 0.45134 0.42888 0.40764 0.38753 0.36851 0.35049
[p38] 12 0.94191 0.88745 0.83639 0.78849 0.74356 0.70138 0.66178 0.62460 0.58966 0.55684 0.52598 0.49697 0.46968 0.44401 0.41985 0.39711 0.37570 0.35553 0.33654 0.31863
[p39] 残 13 0.93722 0.87866 0.82403 0.77303 0.72542 0.68095 0.63940 0.60057 0.56427 0.53032 0.49856 0.46884 0.44102 0.41496 0.39056 0.36770 0.34627 0.32618 0.30734 0.28966
[p40] 14 0.93256 0.86996 0.81185 0.75788 0.70773 0.66112 0.61778 0.57748 0.53997 0.50507 0.47257 0.44230 0.41410 0.38782 0.36331 0.34046 0.31914 0.29925 0.28067 0.26333
[p41] 15 0.92792 0.86135 0.79985 0.74301 0.69047 0.64186 0.59689 0.55526 0.51672 0.48102 0.44793 0.41727 0.38883 0.36245 0.33797 0.31524 0.29414 0.27454 0.25632 0.23939
