doc: ASBJ 適用指針（現行） (asbj_implementation_guidance)
year: 2026
item: s0077-part-19 / title: 「退職給付に関する会計基準の適用指針」 (part 19/19)
section: 77 / 「退職給付に関する会計基準の適用指針」
source_type: pdf
source_url: https://www.asb-j.jp/jp/wp-content/uploads/sites/4/kichu_20251016_22.pdf
url: https://jplawdb.github.io/html-preview/ai-accounting-db/enhanced/asbj_implementation_guidance/s0077-part-19.html

[p1] 16 0.92330 0.85282 0.78803 0.72845 0.67362 0.62317 0.57671 0.53391 0.49447 0.45811 0.42458 0.39365 0.36510 0.33873 0.31439 0.29189 0.27110 0.25187 0.23409 0.21763
[p2] 存 17 0.91871 0.84438 0.77639 0.71416 0.65720 0.60502 0.55720 0.51337 0.47318 0.43630 0.40245 0.37136 0.34281 0.31657 0.29245 0.27027 0.24986 0.23107 0.21378 0.19784
[p3] 18 0.91414 0.83602 0.76491 0.70016 0.64117 0.58739 0.53836 0.49363 0.45280 0.41552 0.38147 0.35034 0.32189 0.29586 0.27205 0.25025 0.23028 0.21199 0.19523 0.17986
[p4] 19 0.90959 0.82774 0.75361 0.68643 0.62553 0.57029 0.52016 0.47464 0.43330 0.39573 0.36158 0.33051 0.30224 0.27651 0.25307 0.23171 0.21224 0.19449 0.17829 0.16351
[p5] 20 0.90506 0.81954 0.74247 0.67297 0.61027 0.55368 0.50257 0.45639 0.41464 0.37689 0.34273 0.31180 0.28380 0.25842 0.23541 0.21455 0.19562 0.17843 0.16282 0.14864
[p6] 勤 21 0.90056 0.81143 0.73150 0.65978 0.59539 0.53755 0.48557 0.43883 0.39679 0.35894 0.32486 0.29416 0.26648 0.24151 0.21899 0.19866 0.18029 0.16370 0.14870 0.13513
[p7] 22 0.89608 0.80340 0.72069 0.64684 0.58086 0.52189 0.46915 0.42196 0.37970 0.34185 0.30793 0.27751 0.25021 0.22571 0.20371 0.18394 0.16617 0.15018 0.13580 0.12285
[p8] 23 0.89162 0.79544 0.71004 0.63416 0.56670 0.50669 0.45329 0.40573 0.36335 0.32557 0.29187 0.26180 0.23494 0.21095 0.18950 0.17032 0.15315 0.13778 0.12402 0.11168
[p9] 24 0.88719 0.78757 0.69954 0.62172 0.55288 0.49193 0.43796 0.39012 0.34770 0.31007 0.27666 0.24698 0.22060 0.19715 0.17628 0.15770 0.14115 0.12640 0.11326 0.10153
[p10] 務 25 0.88277 0.77977 0.68921 0.60953 0.53939 0.47761 0.42315 0.37512 0.33273 0.29530 0.26223 0.23300 0.20714 0.18425 0.16398 0.14602 0.13009 0.11597 0.10343 0.09230
[p11] 26 0.87838 0.77205 0.67902 0.59758 0.52623 0.46369 0.40884 0.36069 0.31840 0.28124 0.24856 0.21981 0.19450 0.17220 0.15254 0.13520 0.11990 0.10639 0.09446 0.08391
[p12] 27 0.87401 0.76440 0.66899 0.58586 0.51340 0.45019 0.39501 0.34682 0.30469 0.26785 0.23560 0.20737 0.18263 0.16093 0.14190 0.12519 0.11051 0.09761 0.08626 0.07628
[p13] 28 0.86966 0.75684 0.65910 0.57437 0.50088 0.43708 0.38165 0.33348 0.29157 0.25509 0.22332 0.19563 0.17148 0.15040 0.13200 0.11591 0.10185 0.08955 0.07878 0.06934
[p14] 期 29 0.86533 0.74934 0.64936 0.56311 0.48866 0.42435 0.36875 0.32065 0.27902 0.24295 0.21168 0.18456 0.16101 0.14056 0.12279 0.10733 0.09387 0.08215 0.07194 0.06304
[p15] 30 0.86103 0.74192 0.63976 0.55207 0.47674 0.41199 0.35628 0.30832 0.26700 0.23138 0.20064 0.17411 0.15119 0.13137 0.11422 0.09938 0.08652 0.07537 0.06570 0.05731
[p16] 31 0.85675 0.73458 0.63031 0.54125 0.46511 0.39999 0.34423 0.29646 0.25550 0.22036 0.19018 0.16425 0.14196 0.12277 0.10625 0.09202 0.07974 0.06915 0.06000 0.05210
[p17] 32 0.85248 0.72730 0.62099 0.53063 0.45377 0.38834 0.33259 0.28506 0.24450 0.20987 0.18027 0.15496 0.13329 0.11474 0.09884 0.08520 0.07349 0.06344 0.05480 0.04736
[p18] 間 33 0.84824 0.72010 0.61182 0.52023 0.44270 0.37703 0.32134 0.27409 0.23397 0.19987 0.17087 0.14619 0.12516 0.10723 0.09194 0.07889 0.06774 0.05820 0.05004 0.04306
[p19] 34 0.84402 0.71297 0.60277 0.51003 0.43191 0.36604 0.31048 0.26355 0.22390 0.19035 0.16196 0.13791 0.11752 0.10022 0.08553 0.07305 0.06243 0.05339 0.04570 0.03914
[p20] 35 0.83982 0.70591 0.59387 0.50003 0.42137 0.35538 0.29998 0.25342 0.21425 0.18129 0.15352 0.13011 0.11035 0.09366 0.07956 0.06763 0.05754 0.04899 0.04174 0.03558
[p21] 36 0.83564 0.69892 0.58509 0.49022 0.41109 0.34503 0.28983 0.24367 0.20503 0.17266 0.14552 0.12274 0.10361 0.08754 0.07401 0.06262 0.05303 0.04494 0.03811 0.03235
[p22] 37 0.83149 0.69200 0.57644 0.48061 0.40107 0.33498 0.28003 0.23430 0.19620 0.16444 0.13793 0.11579 0.09729 0.08181 0.06885 0.05799 0.04888 0.04123 0.03481 0.02941
[p23] 38 0.82735 0.68515 0.56792 0.47119 0.39128 0.32523 0.27056 0.22529 0.18775 0.15661 0.13074 0.10924 0.09135 0.07646 0.06404 0.05369 0.04505 0.03783 0.03179 0.02673
[p24] 39 0.82323 0.67837 0.55953 0.46195 0.38174 0.31575 0.26141 0.21662 0.17967 0.14915 0.12392 0.10306 0.08578 0.07146 0.05958 0.04971 0.04152 0.03470 0.02903 0.02430
[p25] 40 0.81914 0.67165 0.55126 0.45289 0.37243 0.30656 0.25257 0.20829 0.17193 0.14205 0.11746 0.09722 0.08054 0.06678 0.05542 0.04603 0.03827 0.03184 0.02651 0.02209 以 上
